Status: optimal
x[0] = 0.000000
x[1] = 1.000000
x[2] = 0.000000
x[3] = 1.000000
x[4] = 0.000000
x[5] = 1.000000
x[6] = 1.000000
x[7] = 0.000000
x[8] = 0.000000
x[9] = 0.000000
x[10] = 0.000000
x[11] = 0.000000
x[12] = 1.000000
x[13] = 1.000000
x[14] = 1.000000
x[15] = 1.000000
x[16] = 0.000000
x[17] = 1.000000
x[18] = 1.000000
x[19] = 0.000000
s[0] = 0.500000
s[1] = 0.000000
s[2] = 0.000000
w[0] = 0.000000
w[1] = 3.000000
w[2] = 0.500000
objective= 4.000000
