Status: optimal
x[0] = 1.000000
x[1] = 1.000000
x[2] = 1.000000
x[3] = 1.000000
x[4] = 1.000000
x[5] = 1.000000
x[6] = 1.000000
x[7] = 0.000000
x[8] = 0.000000
x[9] = 0.000000
x[10] = 0.000000
x[11] = 0.000000
x[12] = 0.000000
x[13] = 0.000000
x[14] = 0.000000
objective = 4190215.000000
