x[0] = 1.000000
x[1] = 0.000000
x[2] = 1.000000
x[3] = 0.000000
x[4] = 0.000000
x[5] = 1.000000
x[6] = 1.000000
x[7] = 1.000000
x[8] = 1.000000
x[9] = 0.000000
objective = -103.550000
