Status: optimal
x[0] = 1.000000
x[1] = 0.000000
x[2] = 1.000000
x[3] = 0.000000
x[4] = 0.000000
x[5] = 1.000000
x[6] = 1.000000
x[7] = 0.000000
x[8] = 1.000000
x[9] = 1.000000
x[10] = 1.000000
x[11] = 1.000000
x[12] = 0.000000
x[13] = 0.000000
x[14] = 0.000000
x[15] = 0.000000
x[16] = 1.000000
x[17] = 0.000000
x[18] = 1.000000
x[19] = 0.000000
s[0] = 1.000000
s[1] = -0.000000
s[2] = 2.000000
w[0] = 0.000000
w[1] = 2.000000
w[2] = 0.000000
objective= 5.000000
