x[0] = 1.000000
x[1] = 1.000000
x[2] = 0.000000
x[3] = 0.000000
x[4] = 1.000000
x[5] = 0.000000
x[6] = 1.000000
x[7] = 0.000000
x[8] = 1.000000
x[9] = 1.000000
objective = -100.400000
