Status = optimal
x = 60.000000
b[1].y = 64.500000
b[2].y = 60.000000
b[3].y = 78.000000
b[4].y = 87.000000
b[5].y = 93.000000
Objective = 76.500000
