Status = optimal
x = 60.000000
y[1] = 64.500000
y[2] = 60.000000
y[3] = 78.000000
y[4] = 87.000000
y[5] = 93.000000
Objective = 76.500000
