Status = optimal
x1 = -0.926427
x2 = -0.308491
x3 = 2.000000
Objective = -1.429307
