Status = optimal
x = 52.500000
y[1] = 59.250000
y[2] = 63.750000
y[3] = 81.750000
y[4] = 90.750000
y[5] = 96.750000
Objective = 78.450000
